500 3814
0 19 0.5905
0 23 0.666136
0 25 0.53773
0 28 0.506143
0 34 0.69006
0 41 0.564624
0 58 0.511461
0 65 0.615397
0 67 0.32964
0 69 0.43194
0 78 0.533498
0 96 0.312389
0 221 0.671437
0 224 0.307901
0 358 0.611749
0 388 0.434418
0 449 0.43701
0 478 0.465928
1 5 0.662925
1 35 0.560592
1 45 0.528252
1 62 0.303131
1 64 0.414781
1 67 0.591826
1 81 0.58096
1 86 0.481182
1 87 0.389483
1 102 0.648827
1 327 0.58698
1 441 0.654183
1 461 0.434543
1 480 0.568571
1 491 0.542209
2 21 0.326662
2 27 0.607297
2 31 0.630747
2 35 0.357942
2 36 0.300954
2 42 0.49755
2 48 0.338802
2 51 0.576942
2 61 0.550024
2 91 0.60199
2 95 0.484719
2 104 0.610986
2 153 0.600635
2 313 0.690507
2 325 0.371184
2 402 0.479821
2 493 0.634169
3 5 0.53047
3 16 0.459916
3 18 0.616718
3 21 0.496804
3 26 0.516982
3 27 0.595718
3 34 0.350055
3 52 0.351581
3 66 0.60629
3 82 0.476959
3 84 0.383306
3 88 0.65511
3 91 0.435768
3 92 0.63525
3 185 0.669709
3 226 0.619211
3 346 0.426737
3 395 0.499841
3 424 0.354063
3 447 0.48171
3 494 0.51867
4 12 0.652663
4 13 0.590397
4 35 0.438573
4 38 0.681776
4 67 0.539092
4 68 0.372049
4 69 0.439947
4 71 0.604385
4 114 0.50557
4 280 0.641059
4 297 0.443882
4 299 0.605757
4 394 0.381543
4 481 0.484045
5 11 0.387967
5 22 0.458175
5 33 0.356156
5 41 0.593923
5 52 0.534137
5 68 0.63643
5 73 0.606918
5 76 0.695852
5 91 0.665594
5 141 0.669259
5 164 0.650141
5 211 0.61619
6 8 0.655912
6 9 0.441574
6 13 0.446884
6 19 0.329361
6 37 0.62751
6 44 0.571222
6 47 0.569904
6 53 0.57154
6 62 0.422469
6 68 0.514975
6 89 0.42003
6 242 0.617781
6 257 0.632557
6 309 0.518202
6 359 0.334259
6 409 0.383387
6 459 0.362654
6 462 0.420022
6 468 0.418035
7 16 0.40091
7 17 0.436327
7 23 0.445268
7 24 0.528985
7 29 0.636621
7 35 0.608817
7 41 0.389795
7 65 0.436177
7 78 0.692722
7 190 0.424287
7 342 0.441408
7 343 0.389751
7 354 0.580954
8 11 0.646772
8 26 0.480873
8 40 0.486625
8 42 0.528785
8 43 0.447389
8 64 0.301564
8 88 0.340745
8 94 0.388483
8 98 0.645374
8 148 0.691678
8 305 0.519868
8 397 0.438113
8 431 0.688897
8 446 0.571462
9 18 0.376126
9 25 0.398065
9 29 0.458378
9 48 0.58964
9 50 0.594015
9 70 0.562776
9 90 0.605048
9 97 0.435861
9 101 0.698914
9 339 0.652478
9 393 0.51716
10 20 0.317378
10 23 0.560631
10 24 0.427066
10 29 0.606568
10 34 0.359382
10 46 0.357265
10 54 0.695753
10 56 0.444414
10 58 0.494252
10 84 0.683743
10 89 0.314255
10 340 0.349683
10 376 0.498173
10 466 0.432746
11 26 0.631174
11 31 0.582619
11 37 0.489648
11 38 0.440232
11 39 0.576982
11 44 0.514356
11 55 0.366729
11 63 0.482867
11 68 0.609872
11 74 0.433436
11 75 0.563007
11 79 0.666211
11 107 0.380417
11 323 0.484361
11 382 0.465576
11 403 0.3547
12 14 0.692808
12 18 0.321057
12 29 0.544476
12 33 0.554014
12 34 0.405078
12 38 0.527044
12 41 0.429471
12 43 0.512418
12 81 0.41109
12 82 0.452202
12 115 0.653465
12 129 0.365221
12 139 0.426898
12 158 0.340302
12 342 0.611535
13 19 0.442974
13 21 0.413713
13 30 0.485729
13 42 0.421462
13 43 0.327607
13 51 0.421992
13 54 0.424784
13 65 0.487614
13 67 0.469399
13 73 0.512319
13 77 0.58443
13 78 0.65373
13 80 0.515172
13 86 0.412271
13 90 0.62429
13 92 0.621314
13 245 0.696604
13 344 0.420107
13 386 0.575019
14 24 0.663302
14 29 0.536778
14 48 0.554468
14 70 0.322742
14 72 0.684311
14 73 0.3102
14 77 0.306673
14 97 0.516691
14 349 0.601546
14 424 0.316627
14 436 0.67758
15 36 0.660674
15 55 0.405344
15 59 0.470454
15 61 0.676487
15 74 0.435908
15 86 0.673422
15 90 0.679139
15 96 0.446215
15 116 0.572465
15 155 0.482266
15 267 0.433224
16 25 0.333129
16 31 0.355021
16 41 0.662663
16 42 0.501551
16 50 0.567026
16 52 0.427004
16 69 0.497717
16 224 0.569333
16 430 0.397723
16 466 0.606044
17 36 0.357093
17 37 0.307466
17 57 0.542438
17 71 0.641238
17 81 0.346209
17 91 0.382973
17 189 0.36144
17 195 0.580801
17 253 0.55643
17 287 0.535075
17 383 0.406031
18 21 0.416449
18 23 0.30459
18 28 0.536979
18 39 0.604501
18 45 0.563354
18 47 0.396068
18 49 0.546658
18 57 0.51677
18 58 0.533044
18 88 0.409954
18 94 0.486021
18 159 0.491034
18 334 0.651505
18 422 0.591921
18 446 0.449332
18 489 0.504629
18 491 0.449482
19 25 0.319928
19 30 0.648167
19 56 0.365882
19 58 0.527183
19 68 0.347559
19 90 0.319503
19 91 0.593495
19 93 0.631023
19 155 0.468274
19 186 0.696689
19 262 0.664068
19 347 0.505423
19 420 0.35021
20 21 0.598641
20 24 0.597963
20 37 0.451856
20 41 0.68472
20 48 0.321751
20 59 0.333644
20 61 0.573345
20 63 0.363994
20 95 0.506045
20 138 0.580032
20 483 0.304203
21 24 0.522177
21 33 0.334143
21 36 0.342775
21 37 0.678642
21 50 0.30343
21 74 0.698633
21 89 0.635376
21 91 0.38744
21 96 0.320657
21 98 0.421981
21 158 0.467132
21 443 0.421528
22 33 0.573491
22 47 0.409656
22 48 0.54276
22 53 0.383697
22 68 0.563818
22 70 0.393721
22 81 0.364363
22 84 0.369257
22 99 0.49687
22 201 0.649038
22 234 0.38512
22 248 0.382305
22 411 0.379505
22 499 0.56654
23 27 0.534842
23 38 0.473611
23 39 0.398326
23 52 0.562635
23 61 0.395275
23 69 0.627751
23 71 0.46583
23 88 0.367482
23 96 0.321805
23 167 0.314305
23 190 0.665802
23 228 0.574874
23 264 0.377356
23 393 0.671964
23 466 0.593546
23 467 0.421856
23 470 0.33223
23 482 0.424546
24 26 0.388571
24 46 0.530372
24 48 0.461581
24 56 0.504928
24 64 0.440958
24 79 0.51975
24 83 0.481764
24 87 0.454914
24 117 0.30228
24 142 0.619924
24 313 0.652931
24 490 0.397275
25 35 0.670985
25 38 0.372898
25 48 0.686876
25 51 0.354679
25 53 0.592012
25 56 0.654489
25 62 0.352415
25 249 0.359641
26 36 0.511124
26 44 0.545692
26 63 0.546852
26 69 0.631689
26 76 0.562873
26 98 0.497312
26 109 0.458357
26 202 0.311775
26 489 0.678569
27 43 0.648807
27 51 0.370769
27 59 0.491738
27 85 0.359055
27 87 0.559816
27 93 0.600056
27 95 0.658973
27 96 0.420536
27 314 0.370272
27 402 0.522648
27 491 0.498262
28 48 0.306574
28 58 0.646118
28 61 0.458521
28 80 0.490215
28 96 0.600679
28 110 0.398013
28 141 0.627098
28 257 0.333737
28 281 0.694935
28 296 0.692551
28 298 0.492525
28 388 0.648713
28 417 0.528954
29 38 0.482402
29 39 0.638353
29 57 0.414034
29 61 0.500839
29 72 0.547623
29 84 0.682041
29 89 0.353884
29 98 0.449365
29 122 0.63592
29 181 0.50923
29 211 0.699039
29 292 0.597222
30 38 0.610459
30 57 0.603805
30 58 0.525388
30 63 0.42275
30 79 0.577495
30 90 0.39408
30 99 0.537123
30 191 0.511356
30 315 0.45475
30 368 0.490051
30 388 0.660068
31 34 0.454527
31 53 0.622647
31 55 0.602201
31 56 0.466921
31 72 0.443048
31 128 0.581845
31 146 0.654962
31 271 0.57797
31 328 0.592228
32 33 0.399323
32 43 0.378901
32 62 0.540168
32 69 0.414785
32 72 0.411152
32 73 0.599439
32 75 0.343671
32 81 0.630438
32 86 0.471574
32 95 0.356242
32 142 0.634778
32 344 0.59192
32 416 0.397211
32 496 0.36246
33 49 0.388636
33 51 0.599754
33 57 0.403887
33 81 0.436867
33 98 0.38026
33 199 0.385322
33 452 0.528694
33 456 0.501087
33 476 0.360677
34 38 0.399322
34 75 0.695967
34 76 0.303872
34 77 0.402408
34 89 0.667663
34 92 0.643472
34 369 0.698982
34 415 0.592908
34 480 0.35193
34 498 0.694843
35 45 0.503192
35 55 0.493419
35 61 0.468112
35 68 0.361011
35 74 0.674943
35 83 0.40731
35 85 0.541197
35 88 0.325951
35 89 0.413794
35 176 0.432022
35 423 0.469852
36 82 0.589776
36 85 0.570993
36 88 0.569365
36 105 0.332036
36 257 0.58379
36 332 0.641599
36 418 0.316824
36 432 0.518624
36 464 0.498204
37 40 0.579183
37 54 0.377543
37 62 0.553395
37 69 0.686557
37 70 0.337391
37 76 0.581256
37 77 0.432516
37 89 0.448943
37 97 0.557548
37 115 0.372615
37 134 0.493784
37 192 0.545227
37 221 0.580107
37 292 0.552294
37 329 0.609559
37 368 0.451219
37 462 0.344493
38 41 0.62712
38 49 0.407131
38 55 0.570875
38 60 0.425276
38 100 0.338052
38 145 0.374367
38 180 0.556211
38 202 0.43251
38 268 0.627392
38 300 0.69474
38 484 0.476563
39 53 0.395933
39 66 0.649274
39 79 0.436142
39 91 0.581334
39 187 0.642838
39 496 0.403398
40 49 0.306017
40 64 0.530545
40 66 0.390775
40 68 0.35383
40 80 0.566385
40 81 0.65936
40 83 0.618066
40 93 0.624116
40 94 0.596968
40 136 0.650823
40 195 0.687891
40 226 0.368069
40 240 0.376811
40 297 0.433241
40 298 0.500646
40 310 0.57014
40 416 0.303954
41 55 0.634129
41 71 0.344827
41 75 0.443613
41 82 0.68535
41 85 0.37745
41 86 0.532132
41 88 0.534664
41 114 0.333449
41 119 0.611291
41 201 0.411064
41 234 0.394905
41 327 0.498569
42 53 0.463877
42 63 0.330005
42 71 0.473928
42 79 0.398353
42 86 0.445711
42 90 0.65331
42 98 0.683731
42 185 0.345376
42 221 0.562933
42 269 0.583154
42 322 0.623976
42 355 0.584004
43 45 0.374629
43 51 0.316798
43 58 0.403487
43 59 0.45189
43 96 0.686326
43 97 0.659491
43 99 0.601599
43 234 0.692965
43 256 0.609365
43 321 0.537473
43 345 0.68725
43 411 0.591829
44 45 0.441232
44 46 0.56543
44 81 0.553945
44 82 0.695967
44 83 0.312263
44 96 0.657469
44 129 0.521794
44 161 0.350296
44 179 0.342516
44 222 0.492913
44 272 0.625496
44 392 0.682769
45 46 0.482071
45 50 0.530307
45 66 0.467301
45 73 0.683178
45 92 0.68744
45 94 0.507394
45 159 0.559728
45 292 0.565762
45 315 0.425872
45 352 0.683719
45 439 0.44239
46 53 0.353839
46 54 0.358634
46 93 0.67845
46 99 0.303744
46 149 0.344479
46 186 0.352195
46 231 0.485097
46 313 0.685076
47 63 0.559199
47 68 0.434132
47 74 0.343885
47 87 0.326098
47 97 0.570085
47 153 0.409845
47 269 0.418045
47 276 0.353145
47 367 0.679757
47 391 0.33079
47 405 0.545446
47 418 0.346687
47 445 0.52053
47 458 0.678912
48 74 0.357719
48 77 0.637681
48 78 0.445563
48 92 0.36934
48 270 0.645907
48 302 0.608653
48 324 0.415985
48 334 0.486435
48 374 0.385826
49 59 0.437125
49 70 0.555658
49 72 0.375617
49 85 0.407992
49 87 0.425481
49 97 0.342107
49 99 0.663404
49 102 0.47214
49 142 0.447819
49 177 0.325314
49 182 0.429457
49 297 0.539518
49 444 0.376042
50 55 0.685889
50 63 0.625394
50 67 0.353201
50 68 0.644911
50 70 0.30821
50 73 0.3315
50 76 0.54315
50 91 0.321854
50 92 0.396298
50 102 0.321034
50 210 0.334964
50 434 0.5381
50 480 0.476183
50 485 0.650298
51 57 0.380373
51 83 0.561623
51 99 0.443172
51 125 0.691151
51 197 0.331337
51 270 0.57907
51 358 0.493484
51 424 0.634774
52 58 0.565741
52 61 0.628442
52 72 0.653351
52 81 0.361812
52 93 0.559722
52 95 0.657175
52 132 0.562682
52 282 0.468802
52 432 0.507511
52 486 0.552068
53 64 0.693371
53 72 0.537686
53 92 0.48379
53 261 0.429298
53 286 0.534214
53 351 0.528819
53 354 0.644644
53 400 0.502451
53 440 0.538189
54 60 0.656519
54 70 0.563966
54 73 0.426438
54 74 0.453768
54 75 0.465157
54 87 0.420508
54 170 0.323143
54 235 0.576997
54 333 0.628044
54 338 0.434621
55 60 0.513539
55 67 0.582919
55 72 0.491839
55 85 0.663475
55 96 0.365429
55 140 0.481383
55 194 0.364708
55 437 0.401032
56 69 0.336283
56 76 0.478079
56 77 0.317471
56 85 0.372462
56 95 0.455864
56 158 0.611803
56 194 0.404276
56 302 0.680821
56 339 0.640344
56 391 0.485653
57 66 0.326873
57 71 0.627798
57 73 0.400058
57 78 0.439716
57 93 0.497091
57 391 0.544514
57 464 0.454575
57 484 0.693728
58 60 0.331201
58 65 0.403228
58 66 0.301147
58 83 0.488896
58 87 0.371174
58 168 0.310523
58 191 0.652882
58 257 0.388848
58 296 0.460607
58 426 0.585108
59 70 0.305276
59 72 0.417278
59 75 0.341017
59 76 0.655378
59 87 0.681041
59 109 0.339833
59 164 0.455872
59 258 0.55822
59 373 0.596023
59 485 0.369613
60 65 0.484567
60 66 0.621773
60 67 0.329027
60 77 0.605105
60 82 0.397278
60 86 0.470909
60 87 0.468134
60 98 0.385391
60 125 0.39903
60 127 0.544706
60 474 0.614181
61 62 0.35727
61 70 0.301295
61 85 0.583708
61 96 0.494093
61 123 0.41691
61 462 0.374567
61 464 0.694534
62 64 0.419838
62 78 0.487019
62 79 0.557754
62 93 0.500595
62 95 0.409411
62 116 0.663639
62 202 0.459688
62 260 0.405852
63 64 0.346713
63 71 0.668236
63 89 0.322371
63 153 0.697789
63 261 0.534609
63 269 0.650589
63 284 0.515379
64 84 0.54031
64 88 0.557404
64 90 0.339789
64 92 0.460623
64 162 0.405164
64 329 0.573186
64 351 0.546844
65 71 0.380361
65 78 0.312135
65 94 0.325098
65 96 0.534978
65 148 0.632164
65 198 0.456989
65 200 0.44739
65 477 0.548786
65 486 0.647005
66 108 0.675618
66 324 0.338709
66 393 0.579764
66 477 0.693577
67 74 0.607145
67 85 0.665147
67 87 0.486436
67 99 0.633921
67 244 0.565288
67 384 0.671755
67 428 0.649284
67 493 0.609597
68 72 0.656987
68 161 0.306131
68 277 0.579509
68 350 0.390307
68 356 0.405294
69 70 0.564765
69 73 0.363649
69 81 0.563877
69 85 0.395522
69 93 0.608079
69 96 0.606595
69 140 0.632383
69 357 0.588496
69 395 0.542467
69 430 0.429666
70 71 0.353138
70 87 0.347982
70 88 0.328675
70 95 0.515293
70 96 0.432355
70 112 0.470253
70 117 0.511269
70 141 0.458981
70 311 0.304438
70 347 0.452538
71 85 0.662933
71 92 0.686606
71 96 0.467019
71 122 0.44928
71 129 0.454502
71 229 0.629516
71 419 0.603318
72 73 0.305645
72 80 0.656591
72 84 0.543747
72 95 0.406647
72 96 0.399719
72 232 0.60716
72 234 0.602416
72 260 0.666999
72 462 0.449949
73 80 0.618912
73 107 0.330549
73 463 0.558055
73 483 0.633019
74 75 0.47737
74 86 0.470622
74 142 0.375642
74 149 0.31855
74 207 0.499928
74 219 0.674301
74 223 0.66168
74 259 0.302982
74 281 0.327399
74 438 0.656373
75 80 0.467449
75 84 0.37328
75 88 0.475377
75 91 0.657412
75 92 0.594526
75 136 0.441313
75 221 0.523639
75 255 0.516811
75 324 0.381988
75 325 0.423702
75 370 0.464026
76 83 0.603849
76 201 0.668958
76 279 0.544554
76 398 0.352225
77 79 0.63229
77 86 0.535083
77 93 0.419663
77 176 0.415659
77 205 0.484717
77 257 0.51246
77 493 0.314635
78 81 0.446806
78 93 0.454974
78 141 0.433284
78 179 0.410545
78 182 0.365351
78 251 0.344097
78 274 0.658681
78 341 0.337196
78 355 0.421081
79 178 0.474907
79 191 0.438268
79 226 0.347348
79 252 0.527422
79 443 0.643695
79 482 0.426411
80 96 0.450662
80 110 0.422094
80 124 0.474134
80 218 0.525494
80 225 0.379006
80 285 0.457124
80 318 0.397181
80 368 0.614736
81 84 0.539227
81 95 0.420652
81 289 0.688015
81 331 0.558985
81 488 0.455153
81 490 0.521046
82 85 0.416616
82 89 0.367673
82 90 0.408943
82 97 0.312124
82 118 0.475782
82 145 0.637476
82 314 0.458021
82 353 0.313305
82 406 0.393035
83 105 0.535173
83 192 0.674893
83 238 0.415254
83 259 0.685566
83 312 0.337941
83 454 0.313617
84 87 0.455326
84 92 0.699226
84 108 0.53399
84 189 0.585271
84 222 0.37581
84 292 0.570976
84 331 0.333156
84 343 0.678691
84 458 0.488131
84 497 0.386878
85 129 0.661451
85 148 0.69969
85 240 0.369718
85 274 0.377784
86 88 0.458973
86 183 0.602676
86 213 0.320574
86 334 0.52908
86 369 0.536669
86 426 0.367558
86 475 0.691934
86 492 0.434886
87 88 0.491796
87 92 0.418
87 95 0.693017
87 428 0.568133
88 97 0.591348
88 98 0.607035
88 104 0.553394
88 268 0.376113
88 284 0.624208
88 347 0.453938
88 443 0.670007
89 171 0.524298
89 240 0.359093
89 489 0.605067
90 91 0.445106
90 99 0.573796
90 204 0.514056
90 232 0.427645
90 308 0.424898
90 317 0.61411
90 318 0.531512
91 98 0.502228
91 144 0.386724
91 196 0.375199
91 247 0.511205
91 260 0.538253
91 272 0.578654
91 351 0.387421
91 422 0.592388
91 445 0.668679
92 212 0.527492
92 367 0.540629
93 222 0.350537
93 289 0.497242
93 329 0.571604
93 377 0.600749
93 444 0.358862
93 485 0.448439
94 101 0.672458
94 323 0.636967
94 370 0.595028
94 378 0.643821
94 414 0.420266
95 103 0.640775
95 227 0.521153
95 263 0.664908
95 325 0.598828
95 401 0.423803
97 181 0.414249
97 198 0.354338
97 216 0.69006
97 463 0.569302
98 258 0.581734
98 388 0.362395
98 454 0.345722
99 120 0.488124
99 188 0.616386
99 248 0.436522
99 305 0.303868
99 392 0.391352
99 460 0.690258
100 117 0.424027
100 122 0.604072
100 126 0.595582
100 129 0.395079
100 135 0.694147
100 136 0.340226
100 150 0.559652
100 177 0.54337
100 183 0.359316
100 185 0.53679
100 336 0.433665
100 353 0.595598
100 385 0.437117
100 452 0.371787
101 123 0.368325
101 124 0.647134
101 148 0.609445
101 157 0.411422
101 159 0.404765
101 164 0.646039
101 166 0.40993
101 266 0.313534
101 444 0.691286
101 455 0.310656
102 111 0.628167
102 112 0.485801
102 113 0.595926
102 118 0.478125
102 125 0.487422
102 126 0.413439
102 129 0.668227
102 135 0.455587
102 153 0.618256
102 155 0.522442
102 167 0.368751
102 496 0.462521
103 109 0.515317
103 114 0.417477
103 115 0.414098
103 142 0.510874
103 163 0.580186
103 164 0.573636
103 171 0.684199
103 175 0.672162
103 184 0.441897
103 196 0.626243
103 283 0.439725
103 303 0.467665
103 403 0.629124
103 413 0.428938
104 106 0.555294
104 126 0.586747
104 132 0.504452
104 145 0.5231
104 148 0.377014
104 172 0.407883
104 173 0.60916
104 205 0.311738
104 220 0.691514
104 246 0.327833
104 369 0.373338
104 404 0.453187
104 422 0.63681
104 428 0.351108
104 429 0.344325
105 112 0.55889
105 126 0.384473
105 141 0.634669
105 142 0.357369
105 145 0.389846
105 154 0.305312
105 165 0.6327
105 175 0.544809
105 182 0.65215
105 190 0.449843
105 193 0.488801
105 236 0.489457
105 332 0.389619
106 114 0.387622
106 136 0.378619
106 152 0.369365
106 156 0.509986
106 157 0.419304
106 190 0.510681
106 194 0.399788
106 205 0.567938
106 255 0.527405
106 338 0.652901
106 355 0.637086
106 482 0.491989
107 115 0.626623
107 125 0.646044
107 129 0.320062
107 130 0.524383
107 131 0.558746
107 135 0.479326
107 137 0.575545
107 141 0.570069
107 186 0.443886
107 192 0.31246
108 109 0.368576
108 114 0.322619
108 116 0.30208
108 121 0.47213
108 131 0.379155
108 134 0.3435
108 146 0.488102
108 150 0.65096
108 156 0.47654
108 162 0.395954
108 163 0.370723
108 176 0.504452
108 185 0.361273
108 190 0.531874
108 193 0.508094
108 322 0.316679
108 335 0.653965
108 353 0.410297
108 416 0.693011
108 452 0.488187
109 110 0.567406
109 112 0.403591
109 124 0.482509
109 127 0.491368
109 130 0.368706
109 133 0.441928
109 134 0.523508
109 149 0.431264
109 150 0.554749
109 154 0.306645
109 162 0.50433
109 256 0.32746
109 303 0.363025
109 312 0.554999
110 113 0.310383
110 117 0.39849
110 119 0.392457
110 120 0.672332
110 124 0.677891
110 148 0.424469
110 151 0.592415
110 152 0.337375
110 170 0.685884
110 175 0.608343
110 182 0.442848
110 200 0.534382
110 291 0.352479
110 398 0.407155
111 118 0.337997
111 148 0.622238
111 150 0.620275
111 155 0.576819
111 158 0.570656
111 160 0.594063
111 161 0.57635
111 164 0.433723
111 176 0.507972
111 181 0.557233
111 186 0.326669
111 199 0.429446
111 264 0.404982
111 361 0.538028
111 403 0.640357
112 118 0.524779
112 143 0.655143
112 153 0.649067
112 155 0.424547
112 161 0.580649
112 162 0.489393
112 178 0.454435
112 189 0.567005
112 196 0.675866
112 282 0.474039
112 439 0.436969
112 448 0.444285
112 451 0.313362
113 115 0.44099
113 120 0.381158
113 121 0.447428
113 123 0.466507
113 131 0.646267
113 164 0.439282
113 174 0.379437
113 188 0.50328
113 199 0.494935
113 259 0.409192
113 341 0.369227
113 369 0.610538
113 378 0.523825
113 451 0.499261
113 479 0.545663
114 119 0.338216
114 130 0.64902
114 131 0.343735
114 140 0.335906
114 144 0.583373
114 145 0.504913
114 171 0.442762
114 172 0.435855
114 194 0.504018
114 281 0.455277
114 299 0.346263
114 392 0.596979
115 118 0.425589
115 120 0.553348
115 122 0.639878
115 141 0.503874
115 149 0.498443
115 156 0.613104
115 177 0.623668
115 185 0.517894
115 188 0.48253
115 189 0.47182
115 198 0.637722
115 320 0.453599
115 367 0.387978
115 410 0.636083
115 438 0.346327
115 455 0.428496
116 124 0.563351
116 126 0.523507
116 134 0.305431
116 138 0.333729
116 149 0.3894
116 159 0.442381
116 161 0.626303
116 187 0.514278
116 191 0.668974
116 269 0.588696
116 493 0.694826
117 137 0.388386
117 158 0.367243
117 169 0.410327
117 171 0.534313
117 215 0.31884
117 264 0.407978
117 356 0.474146
117 363 0.490165
117 416 0.396015
117 499 0.438959
118 129 0.581872
118 130 0.309224
118 133 0.644531
118 137 0.334261
118 139 0.398997
118 155 0.415568
118 171 0.364704
118 184 0.637121
118 288 0.394196
118 410 0.685049
118 434 0.490805
118 454 0.461754
118 468 0.651041
119 148 0.472679
119 157 0.550432
119 174 0.528795
119 179 0.425872
119 180 0.597541
119 184 0.478289
119 185 0.352691
119 257 0.506585
119 289 0.610046
119 315 0.638939
119 327 0.480919
119 451 0.467639
120 132 0.356582
120 160 0.406163
120 173 0.547667
120 179 0.652133
120 183 0.380593
120 198 0.509502
120 288 0.514622
120 477 0.636795
121 125 0.662799
121 127 0.362007
121 141 0.535713
121 156 0.366301
121 189 0.406068
121 191 0.313908
121 223 0.440692
121 290 0.557242
121 363 0.327523
121 480 0.546083
122 128 0.60431
122 132 0.402984
122 134 0.450756
122 153 0.333051
122 171 0.464166
122 178 0.308718
122 184 0.378897
122 186 0.309594
122 385 0.566941
122 433 0.398
122 474 0.663396
123 128 0.6749
123 129 0.468906
123 133 0.389709
123 143 0.643534
123 145 0.385629
123 153 0.398299
123 156 0.529158
123 159 0.652704
123 167 0.305456
123 168 0.457258
123 176 0.617692
123 178 0.686113
123 195 0.630945
123 325 0.387072
124 128 0.627567
124 150 0.301897
124 185 0.556767
124 186 0.35947
124 193 0.344706
124 198 0.609537
124 206 0.393149
124 249 0.447223
124 457 0.367077
125 128 0.399673
125 138 0.593173
125 143 0.305534
125 164 0.619317
125 167 0.381721
125 179 0.657127
125 180 0.474983
125 316 0.601876
125 326 0.485371
125 405 0.605388
125 415 0.383216
125 423 0.699357
125 442 0.488628
126 147 0.527682
126 151 0.647848
126 162 0.52184
126 166 0.362472
126 169 0.499526
126 181 0.684321
126 186 0.460226
126 187 0.498033
126 340 0.58084
126 356 0.536458
126 464 0.620305
127 162 0.357409
127 163 0.522371
127 164 0.340365
127 168 0.616542
127 373 0.57416
127 384 0.329876
127 402 0.551037
127 406 0.570617
127 415 0.307309
128 141 0.525867
128 145 0.508124
128 155 0.334508
128 162 0.443438
128 164 0.474458
128 169 0.326162
128 170 0.324662
128 174 0.418393
128 268 0.598413
128 306 0.619436
128 313 0.393757
128 380 0.421787
129 130 0.532109
129 136 0.333998
129 181 0.323982
129 192 0.596063
129 194 0.632324
129 195 0.656565
130 138 0.541941
130 143 0.52139
130 152 0.320704
130 156 0.468732
130 166 0.376338
130 174 0.441848
130 184 0.469484
130 190 0.364088
130 290 0.588266
130 293 0.555643
130 496 0.466499
131 145 0.553744
131 148 0.472431
131 151 0.630869
131 154 0.624937
131 159 0.389869
131 191 0.446196
131 212 0.526977
131 353 0.485466
131 389 0.609818
132 139 0.3392
132 158 0.613733
132 189 0.345627
132 195 0.35749
132 269 0.499599
132 337 0.426967
132 350 0.621281
132 479 0.694681
133 134 0.546784
133 138 0.558139
133 143 0.654052
133 159 0.695912
133 166 0.352393
133 174 0.420891
133 178 0.68397
133 196 0.54635
133 273 0.379268
133 292 0.576779
133 330 0.684596
133 376 0.415508
133 384 0.481025
133 486 0.624402
133 498 0.423007
134 146 0.650893
134 158 0.527663
134 161 0.676067
134 162 0.500755
134 166 0.458332
134 181 0.440582
134 244 0.558059
134 316 0.509966
134 392 0.533143
134 425 0.347795
135 145 0.526246
135 147 0.553712
135 158 0.568937
135 173 0.517459
135 198 0.533612
135 242 0.680536
135 253 0.418442
135 292 0.348989
135 330 0.360616
135 377 0.337646
136 137 0.428114
136 144 0.63164
136 148 0.338916
136 152 0.44117
136 178 0.490288
136 182 0.616486
136 189 0.543481
136 197 0.328468
136 199 0.678273
136 315 0.494026
137 144 0.430193
137 145 0.490514
137 162 0.642178
137 167 0.665982
137 175 0.628531
137 197 0.640426
137 328 0.544541
137 351 0.693111
137 397 0.657161
137 402 0.35985
138 140 0.668885
138 149 0.361021
138 158 0.458158
138 171 0.40058
138 229 0.628794
138 440 0.306455
139 147 0.564225
139 155 0.68639
139 160 0.655651
139 162 0.324229
139 175 0.533563
139 254 0.604886
139 262 0.422574
139 292 0.527891
139 361 0.629627
140 146 0.304151
140 147 0.351568
140 163 0.402675
140 180 0.671758
140 181 0.364474
140 182 0.688859
140 188 0.457477
140 197 0.50378
140 198 0.429643
140 199 0.322057
140 236 0.653266
140 294 0.348655
140 389 0.47942
141 148 0.676762
141 175 0.605209
141 190 0.371089
141 234 0.434888
141 265 0.367483
141 409 0.429352
141 413 0.566431
141 453 0.419857
141 471 0.515435
142 157 0.621892
142 161 0.54457
142 162 0.607863
142 164 0.519215
142 168 0.446324
142 170 0.63636
142 340 0.450362
142 385 0.517784
142 469 0.465892
143 148 0.60606
143 150 0.489372
143 161 0.339776
143 164 0.318585
143 177 0.521484
143 237 0.58271
143 336 0.364852
143 410 0.323997
143 448 0.617124
143 477 0.476147
144 164 0.546621
144 176 0.630603
144 178 0.443728
144 193 0.39588
144 195 0.454028
144 250 0.602332
144 359 0.330987
144 449 0.323352
145 157 0.591193
145 163 0.309599
145 164 0.428687
145 470 0.439815
145 494 0.666796
146 152 0.686802
146 168 0.392101
146 181 0.493592
146 185 0.681101
146 194 0.405952
146 195 0.37878
146 196 0.339579
146 373 0.313214
146 413 0.486475
147 149 0.689959
147 158 0.651378
147 172 0.390088
147 174 0.62517
147 176 0.397721
147 196 0.301556
147 304 0.56859
147 319 0.453891
148 159 0.428983
148 174 0.586582
148 178 0.310207
148 189 0.376209
148 305 0.345983
148 427 0.359058
149 150 0.326237
149 164 0.34761
149 166 0.454917
149 177 0.553368
149 190 0.563173
149 197 0.680244
149 200 0.466092
149 281 0.408936
149 393 0.51219
149 431 0.683983
150 161 0.653129
150 164 0.434278
150 172 0.608489
150 173 0.619501
150 189 0.499639
150 192 0.332824
150 195 0.659501
150 468 0.493495
151 158 0.438835
151 168 0.462602
151 169 0.49563
151 178 0.408384
151 195 0.591531
151 274 0.676463
151 279 0.523976
151 285 0.456108
151 295 0.447109
151 422 0.487622
151 425 0.563293
151 435 0.677302
152 176 0.612015
152 181 0.674034
152 182 0.473822
152 191 0.611801
152 195 0.575195
152 197 0.495961
152 237 0.366823
152 264 0.309707
152 290 0.355063
152 364 0.488539
152 374 0.381768
152 494 0.414564
153 155 0.584875
153 160 0.678136
153 172 0.356245
153 174 0.653101
153 193 0.443184
153 227 0.477852
153 321 0.434762
154 165 0.554168
154 177 0.66213
154 179 0.654736
154 188 0.619541
154 189 0.668061
154 194 0.430202
154 195 0.642201
154 254 0.658975
154 343 0.472652
154 349 0.35787
154 357 0.529323
154 450 0.314764
155 172 0.333743
155 181 0.364353
155 194 0.68503
155 198 0.661701
155 262 0.511243
155 412 0.441001
155 467 0.532733
156 158 0.619543
156 159 0.631031
156 160 0.678803
156 187 0.444953
156 204 0.606042
156 434 0.409732
156 486 0.671505
157 158 0.503352
157 166 0.450811
157 192 0.467322
157 197 0.507378
157 200 0.551527
157 360 0.53363
157 367 0.331773
157 493 0.35961
158 172 0.678359
158 174 0.31254
158 187 0.43637
158 213 0.555157
158 222 0.406366
158 276 0.596471
158 283 0.666785
158 309 0.695855
159 176 0.375671
159 183 0.431826
159 184 0.523884
159 276 0.643034
159 394 0.306207
159 482 0.305658
160 181 0.672578
160 182 0.561498
160 188 0.547292
160 190 0.564602
160 324 0.537872
160 372 0.635726
160 425 0.691033
160 458 0.349523
160 486 0.643408
161 168 0.527529
161 169 0.594421
161 172 0.446047
161 177 0.362629
161 199 0.680609
161 404 0.330321
161 491 0.457118
162 183 0.504721
162 188 0.609533
162 196 0.605498
162 197 0.678256
162 198 0.617417
162 266 0.427977
162 293 0.521893
162 319 0.628218
162 371 0.625539
163 172 0.332481
163 185 0.50986
163 187 0.643995
163 237 0.488481
163 238 0.338319
163 324 0.331153
163 455 0.311334
164 167 0.445611
164 177 0.434889
164 476 0.319268
165 169 0.357627
165 171 0.550582
165 173 0.466262
165 181 0.373024
165 192 0.621795
165 193 0.673287
165 213 0.600986
165 223 0.559658
165 267 0.466292
165 293 0.312468
166 172 0.634078
166 177 0.361135
166 214 0.603473
166 377 0.473596
166 395 0.447147
166 420 0.492683
166 442 0.568878
166 466 0.47625
166 493 0.363071
167 170 0.403759
167 171 0.303255
167 181 0.487638
167 185 0.525568
167 190 0.390121
167 237 0.548137
167 323 0.336474
168 169 0.601635
168 179 0.650925
168 182 0.697627
168 194 0.638913
168 195 0.419574
168 233 0.413976
168 310 0.374568
168 468 0.462913
169 170 0.322277
169 187 0.38652
169 196 0.399345
169 213 0.463081
169 244 0.651405
169 258 0.444986
169 323 0.322741
169 335 0.320574
169 360 0.464139
170 172 0.530112
170 183 0.409581
170 186 0.428809
170 190 0.382811
170 300 0.676333
170 341 0.494715
170 434 0.396213
170 440 0.340198
170 471 0.628505
171 183 0.531109
171 212 0.375796
171 250 0.491436
171 257 0.380132
171 366 0.396903
171 381 0.442046
172 185 0.310209
172 193 0.395286
172 198 0.442906
172 211 0.686568
172 256 0.386976
172 278 0.512063
172 290 0.567324
172 307 0.64961
173 175 0.672682
173 183 0.624219
173 186 0.661695
173 189 0.596757
173 333 0.684756
173 360 0.358899
173 386 0.31629
173 430 0.653127
174 178 0.680982
174 186 0.376978
174 192 0.330568
174 196 0.605123
174 235 0.554911
174 266 0.678964
174 340 0.391973
174 378 0.513941
175 182 0.443672
175 192 0.413842
175 199 0.499162
175 321 0.653733
175 328 0.543698
175 352 0.574863
175 369 0.472042
175 448 0.344277
175 464 0.344026
175 479 0.509456
176 192 0.39816
176 194 0.692085
176 208 0.421879
176 345 0.632501
176 432 0.617707
176 476 0.413605
177 183 0.363077
177 189 0.512331
177 192 0.426184
177 195 0.67544
177 197 0.336762
177 291 0.565751
177 324 0.657227
177 341 0.467437
177 445 0.626307
178 184 0.461423
178 191 0.329153
178 192 0.553072
178 199 0.491921
178 200 0.330267
178 278 0.462042
178 391 0.513072
178 472 0.447239
179 180 0.3048
179 190 0.449599
179 197 0.611276
179 286 0.608915
179 431 0.536253
180 183 0.330018
180 185 0.65035
180 187 0.532118
180 189 0.362894
180 193 0.691407
180 198 0.65828
180 199 0.637093
180 208 0.37286
180 477 0.697978
180 492 0.597138
181 192 0.515793
181 222 0.306219
181 237 0.384076
181 261 0.537089
181 285 0.335626
181 497 0.309676
182 184 0.42161
182 190 0.582829
182 191 0.4447
182 192 0.641636
182 479 0.597734
182 499 0.64223
183 187 0.318582
183 193 0.341965
183 198 0.638457
183 276 0.415208
183 326 0.619282
183 497 0.363743
184 190 0.491127
184 193 0.502463
184 255 0.612657
184 307 0.668238
184 399 0.473717
184 449 0.633595
184 489 0.589953
185 208 0.697124
185 477 0.375532
186 195 0.540688
186 196 0.641524
186 261 0.620077
187 189 0.604324
187 190 0.463825
187 241 0.526635
187 265 0.314811
187 312 0.315325
187 341 0.3388
187 366 0.576883
187 432 0.641565
187 452 0.541869
188 196 0.656566
188 278 0.612811
188 404 0.637095
189 198 0.33153
189 203 0.474432
189 240 0.676867
189 267 0.68175
190 258 0.597256
190 266 0.698306
190 303 0.522712
190 447 0.69604
191 194 0.555316
191 195 0.3069
191 196 0.672888
192 319 0.318927
192 454 0.356593
192 495 0.325508
193 196 0.389736
193 199 0.592986
193 243 0.409014
193 357 0.394167
193 441 0.396533
194 198 0.67192
194 248 0.328084
194 422 0.454604
194 473 0.396278
195 309 0.621636
195 416 0.64911
195 424 0.649726
196 315 0.390033
197 205 0.662755
197 214 0.59704
197 226 0.400618
197 253 0.366337
197 397 0.676629
197 487 0.687366
199 209 0.471471
199 217 0.367424
199 278 0.675123
199 447 0.552939
200 245 0.622899
200 250 0.489434
200 266 0.471677
200 270 0.415027
200 274 0.589517
200 275 0.377684
200 289 0.316336
200 298 0.609467
200 333 0.668842
200 365 0.460821
200 470 0.619985
200 477 0.621683
200 492 0.377
201 207 0.385445
201 209 0.570685
201 214 0.514482
201 223 0.550164
201 232 0.33013
201 244 0.443912
201 246 0.489183
201 247 0.535678
201 282 0.668284
201 296 0.568357
201 367 0.334711
201 382 0.690912
202 205 0.504978
202 210 0.594122
202 229 0.532385
202 230 0.600922
202 231 0.582248
202 241 0.385972
202 265 0.457554
202 270 0.503583
202 277 0.647523
202 281 0.388948
202 287 0.634507
202 321 0.348424
202 479 0.391082
202 481 0.319679
203 205 0.509771
203 208 0.322951
203 246 0.419607
203 247 0.464219
203 251 0.479083
203 259 0.600366
203 262 0.58436
203 270 0.601087
203 275 0.300901
203 276 0.46354
203 280 0.395712
203 290 0.580849
203 293 0.638135
203 294 0.498872
203 322 0.553384
203 422 0.301771
204 214 0.457338
204 224 0.583701
204 228 0.652749
204 251 0.446742
204 253 0.49984
204 255 0.534244
204 266 0.517797
204 277 0.503286
204 286 0.639112
204 360 0.670625
205 231 0.50331
205 237 0.586245
205 240 0.644225
205 244 0.638358
205 248 0.566659
205 253 0.567187
205 261 0.66117
205 262 0.675456
205 267 0.548298
205 282 0.578013
205 298 0.300655
205 351 0.479846
205 436 0.398453
205 455 0.441
205 491 0.646989
206 214 0.530651
206 221 0.662781
206 225 0.343315
206 252 0.541071
206 281 0.469679
206 296 0.394535
206 447 0.524172
206 455 0.692287
207 218 0.303316
207 219 0.669353
207 232 0.337723
207 235 0.390954
207 244 0.362932
207 250 0.407218
207 253 0.463284
207 259 0.315964
207 265 0.405874
207 274 0.631438
207 276 0.40334
207 291 0.646417
207 294 0.542943
207 450 0.363436
207 498 0.384081
208 222 0.667938
208 229 0.610892
208 231 0.456751
208 232 0.358161
208 235 0.538445
208 243 0.380781
208 247 0.505906
208 250 0.36035
208 253 0.677023
208 254 0.521914
208 278 0.675384
208 288 0.447946
208 453 0.525143
209 215 0.316824
209 226 0.554473
209 234 0.363881
209 250 0.51071
209 254 0.584039
209 261 0.351968
209 278 0.398948
209 296 0.553844
209 355 0.305791
209 363 0.361126
209 446 0.425066
210 211 0.566485
210 216 0.646785
210 217 0.400775
210 241 0.436588
210 245 0.633775
210 248 0.370862
210 261 0.586636
210 267 0.433703
210 273 0.524463
210 274 0.303199
210 280 0.426841
210 353 0.645046
211 226 0.615407
211 243 0.511571
211 276 0.517104
211 281 0.416488
211 283 0.596901
211 285 0.495448
211 287 0.415219
211 299 0.635573
211 303 0.659613
211 387 0.35762
211 465 0.587701
212 234 0.474053
212 235 0.304789
212 247 0.594775
212 249 0.482812
212 276 0.303626
212 281 0.524751
212 305 0.555957
212 390 0.409758
213 218 0.538122
213 220 0.671903
213 221 0.458325
213 226 0.507354
213 232 0.363753
213 265 0.300274
213 266 0.552412
213 272 0.593932
213 289 0.421057
213 293 0.39559
213 382 0.673114
213 431 0.511837
214 235 0.674856
214 248 0.425792
214 271 0.661161
214 278 0.57152
214 396 0.397976
214 485 0.649807
215 216 0.516182
215 218 0.464375
215 220 0.633338
215 229 0.434375
215 249 0.686983
215 263 0.541287
215 273 0.423706
215 286 0.318775
215 288 0.489678
215 294 0.590797
215 328 0.417842
215 469 0.641748
215 478 0.642406
215 484 0.587886
216 217 0.595936
216 226 0.464643
216 253 0.654134
216 266 0.468043
216 268 0.492372
216 284 0.378245
216 286 0.402996
216 406 0.617456
216 428 0.609288
216 469 0.328022
217 218 0.308545
217 223 0.436009
217 235 0.34052
217 270 0.465717
217 285 0.460902
217 286 0.439469
217 288 0.304786
217 290 0.433346
217 294 0.650483
217 299 0.450613
217 319 0.651048
217 416 0.464633
217 420 0.428167
217 492 0.475792
218 235 0.346125
218 239 0.589704
218 245 0.613475
218 257 0.45396
218 267 0.591226
218 271 0.34213
218 282 0.431945
218 285 0.366711
218 298 0.604485
218 318 0.677598
218 331 0.690924
218 430 0.448877
219 244 0.574163
219 256 0.521189
219 259 0.399547
219 260 0.36361
219 272 0.502168
219 273 0.687503
219 286 0.662109
219 287 0.522126
219 327 0.322023
219 405 0.40744
219 423 0.66141
219 425 0.6384
219 431 0.537549
220 228 0.582826
220 252 0.575978
220 268 0.492862
220 271 0.609811
220 285 0.537533
220 286 0.457662
220 293 0.343587
220 311 0.47128
220 337 0.462575
221 222 0.575995
221 224 0.649643
221 235 0.411144
221 241 0.636701
221 248 0.459026
221 263 0.522562
221 268 0.310026
221 277 0.496377
222 235 0.698607
222 238 0.671051
222 247 0.618698
222 250 0.544768
222 255 0.481453
222 263 0.627367
222 268 0.324133
222 275 0.567357
222 284 0.517337
222 285 0.461136
222 288 0.6059
222 289 0.599084
222 299 0.434048
222 487 0.459524
223 246 0.698391
223 251 0.549241
223 252 0.595499
223 261 0.689742
223 270 0.416319
223 287 0.681837
223 293 0.602665
223 294 0.594636
223 307 0.420153
223 396 0.350277
223 433 0.401249
223 447 0.390664
223 482 0.464549
224 225 0.372356
224 251 0.600385
224 253 0.526611
224 254 0.365759
224 281 0.557598
224 284 0.440972
224 295 0.515626
224 464 0.430374
224 487 0.486052
225 228 0.542132
225 234 0.542433
225 243 0.338352
225 251 0.427912
225 256 0.38283
225 257 0.553002
225 269 0.695334
225 272 0.587061
225 293 0.301305
225 368 0.514847
225 408 0.397273
226 240 0.442023
226 251 0.568109
226 267 0.444823
226 268 0.331125
226 270 0.426173
227 231 0.588484
227 233 0.450173
227 247 0.314038
227 259 0.685319
227 263 0.575495
227 279 0.620922
227 405 0.333354
227 436 0.522873
227 437 0.344442
228 235 0.538986
228 246 0.32848
228 264 0.319965
228 265 0.552397
228 274 0.373762
228 280 0.646883
228 290 0.695051
228 291 0.658632
228 455 0.5812
228 476 0.448878
229 238 0.37655
229 239 0.55282
229 256 0.388327
229 259 0.533264
229 260 0.66499
229 271 0.561182
229 281 0.373186
229 332 0.31043
229 405 0.547428
229 440 0.330277
229 498 0.52132
230 252 0.607975
230 254 0.325024
230 262 0.670885
230 275 0.337476
230 280 0.671378
230 281 0.681422
230 285 0.574926
230 290 0.587152
230 293 0.652163
230 297 0.447051
230 298 0.412682
230 336 0.603598
231 240 0.672136
231 258 0.521532
231 272 0.528796
231 276 0.611555
231 280 0.377911
231 283 0.675421
231 290 0.562378
231 493 0.594701
232 235 0.532477
232 256 0.496972
232 273 0.53876
232 274 0.503141
232 280 0.502287
232 297 0.441907
232 400 0.58545
232 453 0.699495
233 238 0.424351
233 241 0.520661
233 243 0.303237
233 252 0.631019
233 255 0.433638
233 266 0.372906
233 275 0.652485
233 281 0.511895
233 288 0.362887
233 315 0.553611
233 396 0.676755
233 485 0.502302
234 236 0.323897
234 242 0.588778
234 255 0.687338
234 262 0.685844
234 404 0.404269
235 236 0.340636
235 243 0.40664
235 248 0.33904
235 278 0.479018
235 287 0.517801
235 368 0.516696
235 384 0.352007
236 250 0.684453
236 257 0.435343
236 259 0.455032
236 269 0.476793
236 271 0.505503
236 290 0.414279
236 292 0.578313
236 303 0.409158
236 323 0.362698
236 395 0.613847
237 253 0.695323
237 254 0.65376
237 257 0.482345
237 258 0.375207
237 261 0.582107
237 266 0.646682
237 279 0.680393
237 291 0.339325
237 299 0.679823
237 379 0.492837
237 407 0.425144
238 242 0.515292
238 249 0.650451
238 253 0.620926
238 276 0.651518
238 287 0.654313
238 298 0.393185
238 314 0.305544
238 393 0.505935
238 420 0.654481
239 244 0.474227
239 251 0.62347
239 252 0.378926
239 261 0.519673
239 263 0.548082
239 269 0.64797
239 364 0.357235
239 470 0.471477
240 247 0.307293
240 276 0.308098
240 285 0.482693
240 287 0.381446
240 292 0.476177
240 294 0.535537
240 296 0.40248
240 323 0.324687
240 368 0.510042
241 248 0.618778
241 256 0.364209
241 260 0.688473
241 271 0.507068
241 276 0.61909
241 279 0.371453
241 288 0.352037
241 290 0.658424
241 329 0.39923
241 373 0.572492
241 413 0.625441
241 445 0.669683
241 470 0.445658
241 489 0.408379
242 255 0.622852
242 262 0.47437
242 274 0.420442
242 278 0.459943
242 279 0.354942
242 283 0.451297
242 289 0.63696
243 265 0.494368
243 279 0.665044
243 284 0.44036
243 287 0.529808
243 288 0.654667
243 290 0.553873
243 292 0.482257
243 296 0.650349
243 493 0.361783
244 262 0.582792
244 265 0.616148
244 282 0.530615
245 248 0.695415
245 250 0.525984
245 257 0.302893
245 269 0.330002
245 271 0.651465
245 295 0.677523
245 297 0.658046
245 298 0.580164
245 338 0.33482
245 344 0.678584
245 489 0.421107
246 263 0.304713
246 264 0.567959
246 272 0.366684
246 474 0.312483
246 490 0.531367
247 271 0.665256
247 279 0.354021
247 283 0.689718
247 292 0.485516
247 297 0.437875
247 301 0.613859
247 363 0.697535
248 265 0.616492
248 304 0.309193
248 391 0.373207
248 417 0.319813
248 426 0.568353
248 495 0.517312
249 251 0.487056
249 255 0.361488
249 265 0.652066
249 279 0.640633
249 282 0.491257
249 289 0.364028
249 293 0.439937
249 382 0.480643
250 253 0.646554
250 254 0.310337
250 273 0.329052
250 275 0.40756
250 285 0.593421
250 290 0.5165
250 296 0.321817
250 338 0.552299
251 254 0.315855
251 260 0.689906
251 294 0.604339
251 316 0.664839
251 481 0.305586
252 281 0.574698
252 284 0.363047
252 294 0.414673
252 301 0.658739
252 346 0.487925
252 445 0.341085
252 487 0.388458
253 284 0.561248
253 289 0.396899
253 399 0.623669
253 463 0.592207
254 274 0.538406
254 281 0.323666
254 372 0.661938
254 387 0.347187
254 420 0.541326
254 449 0.377897
254 474 0.444995
255 256 0.517378
255 261 0.326772
255 293 0.659527
256 258 0.334243
256 271 0.447789
256 272 0.537592
256 279 0.609619
256 282 0.40329
256 283 0.377832
256 284 0.665729
256 350 0.329349
256 398 0.399629
256 401 0.67283
256 454 0.54807
257 267 0.501526
257 274 0.553291
257 279 0.452825
257 287 0.574596
258 260 0.475584
258 271 0.572053
258 276 0.332897
258 291 0.579589
258 293 0.469097
258 295 0.491028
258 301 0.582188
258 377 0.677427
258 401 0.601752
258 404 0.585169
258 432 0.660667
258 438 0.487376
258 443 0.39097
259 275 0.658209
259 280 0.582292
259 284 0.534836
259 290 0.528969
259 292 0.309769
259 295 0.429784
259 299 0.461237
259 302 0.378364
259 326 0.645336
259 370 0.585116
259 407 0.462629
259 492 0.629986
260 267 0.653039
260 268 0.378323
260 276 0.658123
260 290 0.578003
260 299 0.464624
260 315 0.665869
260 353 0.314778
260 355 0.545951
260 474 0.59542
261 278 0.4424
261 280 0.697808
261 287 0.615453
261 289 0.676492
261 290 0.528065
261 293 0.363955
261 295 0.525212
261 298 0.364011
261 342 0.549724
261 346 0.687748
261 374 0.388643
262 276 0.323655
262 279 0.650257
262 287 0.538817
262 295 0.359455
262 348 0.548036
262 468 0.603613
262 498 0.333196
263 268 0.508453
263 283 0.687271
263 293 0.657374
263 326 0.347857
263 338 0.448715
264 278 0.491508
264 280 0.676028
264 281 0.541433
264 291 0.448255
264 299 0.643171
264 334 0.476584
264 443 0.479335
265 282 0.657717
265 289 0.623142
265 295 0.663269
265 315 0.589074
265 332 0.459985
265 346 0.387859
265 390 0.55146
266 268 0.653557
266 291 0.350947
266 295 0.670147
266 376 0.441706
266 435 0.378505
266 471 0.699605
266 472 0.498312
267 269 0.418837
267 271 0.661022
267 277 0.358688
267 282 0.663607
267 289 0.337516
267 374 0.505394
267 462 0.501315
268 295 0.564653
268 311 0.661713
268 422 0.619365
269 274 0.625362
269 279 0.660322
269 281 0.6249
269 283 0.53108
269 289 0.530859
269 426 0.51207
269 446 0.304769
270 271 0.659143
270 283 0.692009
270 287 0.386692
270 299 0.68852
270 374 0.545228
271 275 0.430737
271 292 0.637527
271 297 0.394448
271 405 0.673001
271 432 0.575831
271 462 0.649654
272 273 0.367076
272 275 0.507069
272 295 0.697863
272 303 0.62713
272 321 0.39866
272 359 0.612365
272 372 0.610112
273 280 0.42317
273 282 0.447409
273 288 0.453069
273 291 0.685227
273 316 0.64589
273 383 0.418346
274 275 0.322144
274 293 0.31843
274 330 0.395119
275 290 0.617957
275 293 0.501274
275 297 0.555211
276 286 0.51257
276 290 0.604065
276 352 0.496506
277 279 0.698147
277 283 0.358193
277 290 0.677659
277 395 0.423882
277 422 0.629788
277 467 0.35569
278 286 0.458524
278 294 0.330312
279 284 0.311194
279 345 0.518846
279 380 0.601392
279 413 0.397337
279 475 0.34069
280 285 0.61942
280 444 0.558427
280 462 0.626176
281 291 0.696388
281 297 0.613918
282 293 0.445399
282 318 0.515036
282 363 0.333176
283 287 0.450671
283 295 0.679309
283 296 0.495411
283 398 0.599485
283 484 0.420288
283 498 0.688615
284 326 0.583708
284 334 0.328527
285 292 0.608302
285 477 0.499321
286 288 0.323183
286 298 0.508564
286 348 0.519344
286 380 0.469711
286 456 0.493369
287 297 0.440838
287 420 0.474204
287 487 0.690158
288 392 0.464075
288 417 0.488701
289 290 0.424075
289 298 0.534778
289 432 0.346189
289 449 0.610417
290 293 0.67738
290 294 0.453079
290 333 0.517994
290 344 0.360913
290 425 0.45901
290 460 0.651637
290 478 0.608129
290 497 0.307642
290 499 0.619798
291 295 0.311442
291 490 0.484155
292 379 0.455613
292 381 0.348038
292 393 0.535869
292 396 0.529558
292 451 0.579295
292 457 0.57765
293 461 0.496073
294 297 0.613362
294 372 0.604791
295 376 0.680611
295 386 0.344303
295 497 0.465237
296 297 0.585735
296 390 0.335792
296 421 0.58527
296 439 0.603787
296 442 0.513446
297 479 0.401866
297 499 0.502437
298 299 0.572326
298 328 0.514375
298 481 0.333092
299 421 0.648361
299 429 0.64108
299 435 0.372267
299 450 0.691346
299 481 0.510281
300 325 0.417304
300 329 0.440744
300 332 0.367363
300 346 0.54112
300 358 0.626743
300 361 0.491139
300 363 0.389475
300 367 0.699988
300 371 0.393187
300 386 0.371663
300 393 0.676381
300 396 0.692786
300 408 0.665018
301 302 0.581588
301 317 0.675797
301 323 0.378418
301 344 0.329105
301 355 0.546228
301 360 0.490824
301 371 0.526611
301 376 0.316101
301 392 0.686546
301 393 0.315465
301 433 0.655399
302 326 0.355344
302 334 0.599512
302 336 0.635389
302 339 0.497631
302 345 0.696892
302 355 0.63144
302 365 0.621711
302 393 0.375682
302 396 0.588621
302 398 0.522709
303 311 0.301619
303 320 0.599243
303 333 0.458555
303 337 0.551305
303 365 0.461856
303 373 0.547564
303 383 0.49349
303 392 0.559471
303 393 0.607434
304 307 0.396925
304 309 0.605759
304 327 0.321564
304 333 0.327182
304 339 0.35245
304 340 0.520462
304 360 0.384554
304 368 0.432238
304 379 0.463697
304 389 0.561442
304 393 0.47465
304 394 0.310857
304 398 0.685696
305 319 0.377592
305 331 0.485981
305 348 0.410219
305 349 0.653185
305 368 0.637737
305 369 0.482339
305 375 0.638232
305 382 0.564229
305 398 0.553303
305 399 0.452919
305 436 0.432336
305 449 0.662992
306 323 0.442921
306 331 0.411747
306 343 0.641453
306 354 0.433852
306 361 0.309913
306 372 0.570332
306 375 0.689682
306 385 0.31315
306 434 0.679442
306 467 0.579688
307 308 0.569512
307 316 0.379023
307 326 0.322793
307 333 0.65929
307 347 0.666842
307 348 0.456408
307 349 0.387936
307 353 0.536896
307 355 0.599124
307 366 0.560067
307 382 0.458215
307 393 0.570197
308 311 0.56712
308 314 0.520954
308 330 0.558889
308 337 0.568261
308 340 0.596153
308 348 0.421167
308 360 0.642392
308 367 0.519419
308 369 0.639496
308 375 0.531974
308 392 0.328986
309 310 0.308924
309 327 0.675005
309 343 0.4032
309 371 0.325873
309 374 0.472302
309 377 0.567592
309 380 0.489364
309 399 0.305332
310 317 0.489729
310 318 0.317162
310 347 0.643284
310 358 0.646588
310 364 0.657266
310 366 0.66053
310 370 0.342769
310 380 0.554271
310 389 0.392476
311 326 0.387372
311 340 0.537522
311 366 0.315613
311 368 0.419313
311 375 0.491435
311 384 0.332965
311 389 0.682608
311 398 0.488215
311 408 0.52724
311 412 0.430155
312 319 0.568745
312 341 0.631207
312 351 0.335766
312 358 0.6817
312 376 0.398026
312 379 0.494564
312 386 0.475238
312 390 0.584825
312 395 0.581431
312 410 0.545273
313 350 0.618411
313 355 0.4036
313 380 0.676315
313 381 0.337413
313 385 0.628731
313 386 0.588445
313 390 0.309442
313 395 0.375759
313 435 0.482753
314 324 0.689558
314 332 0.516634
314 337 0.596835
314 354 0.523923
314 356 0.531277
314 362 0.651554
314 365 0.557111
314 372 0.451492
314 377 0.580313
314 382 0.691844
314 385 0.666818
314 428 0.5444
315 325 0.513839
315 328 0.412284
315 329 0.472474
315 342 0.684492
315 346 0.598988
315 378 0.309226
315 383 0.307809
315 389 0.362828
315 396 0.610917
315 399 0.504393
316 320 0.693936
316 321 0.661971
316 326 0.406221
316 327 0.424713
316 355 0.550163
316 365 0.303181
316 371 0.529721
316 378 0.516205
316 483 0.592484
317 334 0.333235
317 336 0.303586
317 337 0.304921
317 352 0.561067
317 356 0.492119
317 363 0.642115
317 375 0.568735
317 377 0.639196
317 379 0.484078
317 385 0.608065
317 474 0.333202
318 325 0.667434
318 335 0.478904
318 336 0.353224
318 345 0.628622
318 356 0.444072
318 361 0.389636
318 370 0.480224
318 371 0.416853
318 380 0.607334
319 336 0.452991
319 337 0.343872
319 371 0.548929
319 373 0.517855
319 398 0.429728
319 483 0.4679
320 331 0.428859
320 338 0.55011
320 339 0.493244
320 341 0.375294
320 346 0.578039
320 347 0.561432
320 354 0.690647
320 357 0.603939
320 358 0.458619
320 369 0.507398
320 381 0.327292
321 324 0.314144
321 327 0.562798
321 329 0.686128
321 334 0.55784
321 335 0.518645
321 339 0.406205
321 345 0.383564
321 362 0.357711
321 374 0.336471
321 388 0.328419
321 394 0.635005
321 399 0.645393
322 338 0.336471
322 351 0.670732
322 355 0.634189
322 372 0.438177
322 373 0.590797
322 380 0.486666
322 387 0.455459
322 397 0.527587
323 325 0.391206
323 328 0.651306
323 332 0.55291
323 334 0.69322
323 350 0.618496
323 361 0.693823
323 362 0.474773
323 377 0.590604
323 378 0.36772
323 382 0.531455
323 387 0.313633
323 394 0.300883
323 397 0.488894
323 399 0.620737
323 496 0.651022
324 325 0.430457
324 326 0.567723
324 330 0.508368
324 332 0.326781
324 335 0.323871
324 338 0.384877
324 339 0.514056
324 343 0.602223
324 378 0.480775
324 384 0.30446
325 361 0.342873
325 362 0.57302
325 381 0.443924
325 448 0.573508
326 337 0.569916
326 384 0.693144
326 393 0.566382
326 444 0.403191
327 330 0.41936
327 338 0.614404
327 343 0.382682
327 357 0.327286
327 358 0.366208
327 368 0.672757
327 377 0.631566
327 382 0.582803
327 385 0.537352
327 387 0.31651
327 412 0.653595
328 341 0.436849
328 346 0.531824
328 364 0.392655
328 372 0.576649
328 391 0.581619
328 395 0.65281
328 398 0.315564
328 429 0.46743
328 461 0.320112
329 330 0.658482
329 331 0.661928
329 336 0.591704
329 347 0.368371
329 350 0.333737
329 352 0.632223
329 357 0.615298
329 359 0.656772
329 373 0.502823
329 374 0.326477
329 387 0.526117
329 395 0.390979
329 452 0.362602
330 348 0.588276
330 356 0.43421
330 362 0.650556
330 366 0.314139
330 372 0.415565
330 380 0.646318
330 398 0.475486
331 338 0.551631
331 362 0.302659
331 370 0.339234
331 378 0.462129
331 385 0.316734
331 386 0.344091
331 391 0.355308
331 393 0.529808
331 409 0.658149
332 346 0.618105
332 362 0.61038
332 385 0.563596
332 392 0.459471
332 393 0.653185
332 412 0.491897
332 473 0.33109
333 334 0.37158
333 340 0.321925
333 353 0.327785
333 367 0.395505
333 373 0.67773
333 374 0.388082
333 377 0.468405
333 384 0.392992
333 391 0.389574
334 342 0.358411
334 357 0.644849
334 377 0.521704
334 385 0.30677
334 390 0.585239
334 498 0.417673
335 354 0.547748
335 376 0.608083
335 386 0.460147
335 397 0.461654
335 427 0.631082
335 447 0.663586
335 455 0.402144
336 338 0.54086
336 364 0.4606
336 366 0.60597
336 368 0.402101
336 393 0.342863
337 339 0.40786
337 356 0.307683
337 361 0.456434
337 384 0.313194
337 387 0.653889
337 390 0.638799
337 396 0.33531
337 459 0.399741
337 478 0.417082
338 339 0.54817
338 343 0.310983
338 349 0.447128
338 354 0.614884
338 367 0.625661
338 374 0.525151
338 376 0.401594
338 387 0.483207
338 441 0.346923
338 442 0.682817
338 488 0.644019
339 342 0.593159
339 351 0.568858
339 390 0.681608
339 398 0.405005
339 446 0.659535
340 348 0.593797
340 361 0.662317
340 376 0.660998
340 378 0.557469
340 381 0.639121
340 385 0.36011
340 386 0.549313
340 390 0.40358
341 342 0.578994
341 343 0.364123
341 344 0.536281
341 360 0.385523
341 361 0.432549
341 364 0.66775
341 394 0.544517
341 465 0.300645
342 352 0.646986
342 355 0.506847
342 356 0.598884
342 363 0.308102
342 391 0.567981
342 411 0.344894
343 351 0.550553
343 356 0.391336
343 359 0.401712
343 370 0.495613
343 378 0.309564
343 394 0.585907
344 351 0.475824
344 358 0.636454
344 370 0.667601
344 381 0.617756
344 389 0.40638
344 412 0.402097
344 466 0.316652
344 467 0.51882
345 355 0.454789
345 360 0.534707
345 367 0.491768
345 372 0.326264
345 373 0.509633
345 393 0.51288
346 351 0.350824
346 360 0.679883
346 361 0.464645
346 366 0.594531
346 373 0.554961
346 375 0.394829
346 469 0.450605
346 495 0.457548
347 351 0.6377
347 353 0.3421
347 392 0.483125
348 372 0.53031
348 383 0.655147
348 384 0.406711
348 390 0.661993
348 394 0.332538
348 397 0.615549
348 409 0.637337
349 360 0.530804
349 371 0.433022
349 372 0.584676
349 447 0.511282
350 366 0.67798
350 387 0.328402
350 389 0.492126
350 392 0.495068
350 393 0.395169
350 407 0.466034
350 470 0.384743
350 475 0.528371
350 495 0.658129
351 360 0.553615
351 366 0.41329
351 378 0.609447
351 379 0.683101
351 383 0.322443
352 353 0.664097
352 356 0.420808
352 359 0.301124
352 386 0.645135
352 387 0.532748
352 389 0.327067
352 391 0.533295
352 497 0.369101
353 354 0.363193
353 366 0.523915
353 368 0.432401
353 371 0.324525
353 377 0.421123
353 388 0.501662
353 397 0.651781
353 418 0.670902
353 419 0.699285
354 367 0.60649
354 372 0.502591
354 373 0.621129
354 376 0.346817
354 384 0.692748
354 386 0.345159
354 395 0.435875
354 398 0.423506
354 463 0.457665
355 369 0.416032
355 389 0.608463
355 447 0.39503
355 461 0.329875
355 463 0.36254
356 376 0.408676
356 393 0.431408
356 496 0.606959
357 364 0.684096
357 366 0.414689
357 368 0.667016
357 371 0.581004
357 377 0.411692
357 392 0.318765
357 472 0.546391
357 476 0.627638
358 364 0.648983
358 375 0.69304
358 379 0.455502
358 386 0.321038
358 473 0.571649
358 476 0.31754
359 361 0.554804
359 377 0.347251
359 385 0.663806
359 389 0.426774
359 434 0.679593
360 361 0.331282
360 363 0.538225
360 375 0.534329
360 388 0.616751
360 415 0.349568
360 430 0.401566
361 362 0.387912
361 364 0.598338
361 374 0.438903
361 481 0.562973
362 375 0.513976
362 383 0.488187
362 385 0.438686
362 391 0.348628
362 392 0.689705
362 461 0.362171
362 491 0.325048
363 369 0.55097
363 379 0.538931
363 391 0.516917
363 394 0.460852
363 398 0.383738
363 414 0.515339
364 367 0.506201
364 383 0.621139
364 391 0.422971
364 395 0.520219
364 409 0.405895
364 452 0.672641
364 453 0.666392
364 470 0.548973
364 473 0.389841
364 484 0.607174
365 367 0.602059
365 369 0.51226
365 381 0.647184
365 383 0.455072
365 385 0.386227
365 398 0.475382
365 399 0.311275
365 402 0.469052
366 367 0.376615
366 374 0.339946
366 378 0.525089
366 381 0.452828
367 371 0.390476
367 377 0.420841
367 406 0.376124
367 421 0.559872
368 371 0.33724
368 384 0.341075
368 409 0.539457
368 432 0.340779
368 488 0.520864
369 375 0.557954
369 376 0.48271
369 377 0.564017
369 381 0.670969
369 390 0.550958
369 398 0.599174
369 399 0.699079
369 489 0.601755
370 388 0.300954
370 389 0.556568
370 392 0.511921
370 419 0.475359
370 427 0.545364
371 373 0.603905
371 379 0.665385
371 389 0.469426
371 396 0.624941
371 458 0.620951
372 393 0.43299
372 396 0.545696
372 401 0.314032
372 488 0.671144
373 412 0.50021
373 428 0.3847
374 385 0.621959
374 388 0.371803
375 378 0.528548
375 382 0.590115
375 389 0.422216
375 393 0.576014
375 397 0.555893
375 479 0.396534
376 383 0.556321
376 386 0.425831
376 387 0.602215
377 385 0.616676
377 396 0.404404
377 448 0.687665
377 486 0.479159
378 393 0.609611
378 437 0.304893
378 456 0.387677
379 395 0.455976
379 396 0.335052
379 397 0.577251
379 492 0.656699
380 388 0.528532
380 389 0.449198
380 394 0.376169
380 396 0.600113
380 435 0.487125
381 382 0.320372
381 383 0.527254
381 393 0.415058
381 398 0.519466
381 462 0.544671
382 392 0.370457
382 394 0.443886
382 413 0.463249
382 427 0.646706
383 393 0.502044
383 395 0.649779
383 409 0.450162
383 446 0.334841
385 388 0.65068
386 390 0.522818
386 419 0.497676
386 430 0.576136
387 391 0.363273
388 393 0.471392
388 395 0.470596
388 443 0.527362
389 434 0.621256
390 429 0.675301
392 393 0.490567
393 398 0.565772
394 395 0.48787
394 418 0.590014
395 397 0.372316
395 479 0.511639
396 465 0.626876
397 408 0.347801
398 460 0.628996
400 416 0.383498
400 433 0.419495
400 440 0.592088
400 445 0.507191
400 468 0.319502
400 478 0.660775
400 485 0.525357
400 494 0.344784
401 402 0.40031
401 410 0.681935
401 422 0.677314
401 432 0.615762
401 433 0.654749
401 448 0.58366
401 454 0.504828
401 476 0.453865
401 481 0.615758
401 485 0.394566
401 495 0.37493
402 406 0.378527
402 435 0.630219
402 438 0.501127
402 443 0.367163
402 460 0.309599
402 471 0.648418
402 474 0.699406
402 482 0.622863
403 408 0.668236
403 414 0.661162
403 416 0.49356
403 433 0.47942
403 442 0.437114
403 443 0.650874
403 468 0.303893
403 471 0.639927
403 495 0.473923
404 409 0.464146
404 412 0.532226
404 419 0.603892
404 430 0.457796
404 434 0.496582
404 437 0.691408
404 451 0.672447
404 458 0.357752
404 470 0.651522
404 471 0.627373
404 479 0.671874
404 488 0.563724
404 493 0.651619
405 406 0.446527
405 407 0.51779
405 419 0.5583
405 426 0.695693
405 443 0.31498
405 448 0.372767
405 460 0.599275
405 463 0.384666
405 482 0.63178
405 484 0.644728
405 488 0.524443
405 491 0.571421
405 493 0.471443
405 495 0.402677
406 424 0.644704
406 432 0.640402
406 433 0.648726
406 434 0.613807
406 435 0.390943
406 446 0.626738
406 464 0.304915
406 472 0.648071
406 475 0.380696
406 493 0.419081
406 494 0.351061
406 499 0.30872
407 416 0.322349
407 440 0.416638
407 446 0.604545
407 472 0.58888
407 474 0.69702
407 479 0.433761
407 486 0.614898
407 489 0.649134
408 442 0.528555
408 444 0.602641
408 450 0.6784
408 456 0.653898
408 469 0.633082
408 477 0.547466
408 478 0.432197
409 415 0.445241
409 416 0.408443
409 443 0.345824
409 463 0.310914
409 464 0.553172
409 465 0.65487
409 480 0.388235
409 495 0.405294
410 413 0.490711
410 423 0.670582
410 425 0.340922
410 435 0.428281
410 439 0.669031
410 450 0.646126
410 453 0.420803
410 455 0.65178
410 457 0.67089
410 487 0.46518
410 497 0.379047
410 498 0.657711
411 417 0.385825
411 429 0.611182
411 431 0.657974
411 438 0.583796
411 439 0.43267
411 442 0.635672
411 446 0.605341
411 471 0.422367
411 486 0.425278
411 494 0.389918
411 496 0.331303
412 421 0.554546
412 447 0.662003
412 455 0.407546
412 457 0.393715
412 458 0.629644
412 465 0.465351
412 470 0.389181
412 476 0.674173
412 477 0.396915
412 480 0.514791
412 485 0.434348
412 490 0.654208
413 414 0.524442
413 450 0.62383
413 454 0.389978
413 458 0.355255
413 465 0.350514
413 472 0.413091
413 483 0.503621
413 484 0.551389
413 496 0.60377
414 424 0.458151
414 425 0.620829
414 428 0.382571
414 429 0.508121
414 430 0.621017
414 475 0.338102
414 493 0.344453
414 495 0.500955
415 440 0.55559
415 441 0.523676
415 450 0.408677
415 466 0.432973
415 467 0.692308
415 479 0.664663
415 487 0.308212
415 490 0.562021
415 498 0.567497
416 421 0.539897
416 442 0.34514
416 447 0.605499
416 467 0.359099
416 482 0.386248
416 486 0.541702
416 492 0.692355
416 493 0.325992
417 421 0.586649
417 425 0.619106
417 426 0.426661
417 437 0.599113
417 439 0.538764
417 443 0.547433
417 459 0.412528
417 474 0.327488
417 478 0.608354
417 493 0.372198
418 423 0.381807
418 426 0.38484
418 444 0.636052
418 450 0.501528
418 454 0.479956
418 465 0.632156
418 479 0.68942
418 492 0.567588
419 426 0.43912
419 438 0.587995
419 445 0.574845
419 446 0.552972
419 461 0.436693
419 479 0.67265
420 423 0.46604
420 428 0.432591
420 432 0.543587
420 451 0.569284
420 455 0.345272
420 456 0.642537
420 467 0.606108
420 491 0.483849
420 499 0.585802
421 432 0.341645
421 446 0.541237
421 447 0.334397
421 487 0.359747
421 493 0.658601
422 428 0.655702
422 440 0.646378
422 442 0.451107
422 444 0.405729
422 458 0.436406
422 459 0.679718
422 476 0.461761
422 486 0.566644
422 497 0.66304
423 434 0.500977
423 441 0.642596
423 444 0.319766
423 462 0.585743
423 496 0.596466
424 427 0.569626
424 437 0.382525
424 449 0.487981
424 457 0.379516
424 459 0.656387
424 463 0.382355
424 474 0.46776
424 484 0.541888
424 493 0.30369
425 432 0.304881
425 437 0.648881
425 451 0.690554
425 461 0.315576
425 463 0.662156
425 468 0.654061
425 469 0.626042
425 496 0.464127
426 443 0.384562
426 445 0.371669
426 452 0.432236
426 475 0.328573
426 483 0.649699
426 484 0.637445
426 495 0.476182
427 437 0.496109
427 465 0.446654
427 468 0.341092
427 483 0.622986
427 493 0.444996
427 497 0.417456
428 442 0.477279
428 443 0.634392
428 444 0.577913
428 445 0.307561
428 462 0.452689
428 469 0.634662
428 470 0.420247
428 471 0.422933
428 477 0.584203
428 484 0.681728
428 493 0.506862
429 440 0.689366
429 452 0.520655
429 469 0.432862
429 481 0.654531
429 490 0.51706
429 492 0.585033
429 493 0.683381
429 495 0.528488
429 498 0.509792
430 449 0.541876
430 466 0.388639
430 474 0.617815
430 493 0.416383
431 432 0.602051
431 433 0.464612
431 438 0.665785
431 446 0.530969
431 452 0.355065
431 460 0.582186
431 463 0.432966
431 465 0.603622
432 439 0.430304
432 445 0.564005
432 482 0.374922
432 488 0.502642
432 494 0.607991
433 438 0.539794
433 447 0.681191
433 457 0.49588
433 458 0.53554
433 482 0.682607
433 489 0.333789
434 445 0.44922
434 451 0.379438
434 456 0.628533
434 457 0.304108
434 466 0.587332
434 474 0.360532
434 488 0.665834
434 489 0.359129
434 491 0.587267
435 436 0.353
435 441 0.324685
435 491 0.487687
435 497 0.432695
436 440 0.478253
436 441 0.335704
436 443 0.31323
436 444 0.396858
436 445 0.528681
436 449 0.525768
436 460 0.634399
436 467 0.490287
436 469 0.476708
436 470 0.418874
436 478 0.493059
436 480 0.632621
436 481 0.678765
436 496 0.424715
436 498 0.593552
436 499 0.480738
437 451 0.570321
437 452 0.350961
437 454 0.628303
437 456 0.413059
437 467 0.623523
437 485 0.665966
437 489 0.359002
438 462 0.394174
438 468 0.307736
438 477 0.662286
438 479 0.519702
438 482 0.628435
438 486 0.525003
438 487 0.319622
438 489 0.30558
438 498 0.335442
439 443 0.341467
439 450 0.364006
439 464 0.42389
439 475 0.654934
439 478 0.39797
439 480 0.679621
439 488 0.328767
439 489 0.394838
439 490 0.368728
440 450 0.433991
440 455 0.549413
440 471 0.371549
440 472 0.502756
440 476 0.652565
440 477 0.552078
440 483 0.428143
440 491 0.500248
441 451 0.64829
441 452 0.493968
441 469 0.578338
441 485 0.635294
441 486 0.636367
441 488 0.679024
441 492 0.407828
441 497 0.335259
442 462 0.622459
442 472 0.419288
442 480 0.672406
443 444 0.574116
443 456 0.398161
443 493 0.482279
444 447 0.33872
444 477 0.693011
444 479 0.551638
444 486 0.643197
444 491 0.323893
445 447 0.680775
445 462 0.320718
445 472 0.351276
446 454 0.449436
446 456 0.667526
446 463 0.693091
446 484 0.660034
446 485 0.471779
446 490 0.431065
446 494 0.580736
447 460 0.328055
447 461 0.662109
447 465 0.316611
447 470 0.606043
447 478 0.512212
447 479 0.671605
447 497 0.450575
448 449 0.463371
448 477 0.602477
448 486 0.330343
448 488 0.451086
449 453 0.488346
449 455 0.584858
449 457 0.480428
449 467 0.561601
449 482 0.43152
449 486 0.599613
449 487 0.311204
449 495 0.372825
450 459 0.593341
450 471 0.550567
450 488 0.665793
450 497 0.687115
450 498 0.367405
450 499 0.622369
451 452 0.340212
451 454 0.550035
451 484 0.560993
451 485 0.373038
451 499 0.614698
452 478 0.574997
452 482 0.322493
452 483 0.601624
452 490 0.554426
453 456 0.470557
453 457 0.500917
453 459 0.692133
453 463 0.347359
453 468 0.546571
453 483 0.384912
453 495 0.568629
454 469 0.579682
454 484 0.64649
454 499 0.389183
455 458 0.307071
455 473 0.642887
455 487 0.409597
456 472 0.571753
456 474 0.551272
456 477 0.602737
456 478 0.445059
456 490 0.306396
456 497 0.603539
457 460 0.648545
457 475 0.504184
457 484 0.556074
458 462 0.509885
458 473 0.374068
458 481 0.697923
459 484 0.314139
459 485 0.571137
459 497 0.529969
460 497 0.481269
460 498 0.497475
461 477 0.337382
461 478 0.42562
461 484 0.596295
461 485 0.380383
461 492 0.605426
461 496 0.343136
461 498 0.579647
462 474 0.476851
462 495 0.386645
463 465 0.33795
463 493 0.391143
464 492 0.584302
464 493 0.579298
464 499 0.585258
465 482 0.319559
465 492 0.373852
466 486 0.669659
466 490 0.567303
467 471 0.496438
467 474 0.523562
467 487 0.329522
467 493 0.344205
468 485 0.341027
468 489 0.351632
468 490 0.425635
469 470 0.631011
469 480 0.427965
469 481 0.677734
470 477 0.352114
470 484 0.589644
470 496 0.693405
471 480 0.383142
471 483 0.626622
471 484 0.648443
471 492 0.333303
472 488 0.638396
473 474 0.642562
473 490 0.388475
473 491 0.698508
473 496 0.354713
473 499 0.403127
474 485 0.579155
474 489 0.402219
474 490 0.368099
475 494 0.476503
475 495 0.591668
476 479 0.417916
476 489 0.591481
476 491 0.535143
476 497 0.383375
477 479 0.5363
478 479 0.502335
479 484 0.589594
481 482 0.651742
481 497 0.303301
482 483 0.419645
482 499 0.503786
483 488 0.493191
484 485 0.56335
484 489 0.343493
484 495 0.474414
484 498 0.561776
484 499 0.522812
486 495 0.409829
487 491 0.54265
489 494 0.346709
491 492 0.313076
491 496 0.355861
492 497 0.694003
493 496 0.392071
495 496 0.452213
496 497 0.302737
